0 1 -50.0
0 6 -50.0
0 7 -50.0

1 0 -50.0
1 2 -50.0
1 6 -50.0
1 7 -50.0
1 8 -50.0

2 1 -50.0
2 3 -50.0
2 7 -50.0
2 8 -50.0
2 9 -50.0

3 2 -50.0
3 4 -50.0
3 8 -50.0
3 9 -50.0
3 10 -50.0

4 3 -50.0
4 5 -50.0
4 9 -50.0
4 10 -50.0
4 11 -50.0

5 4 -50.0
5 10 -50.0
5 11 -50.0

6 0 -50.0
6 1 -50.0
6 7 -50.0
6 12 -50.0
6 13 -50.0

7 0 -50.0
7 1 -50.0
7 2 -50.0
7 6 -50.0
7 8 -50.0
7 12 -50.0
7 13 -50.0
7 14 -50.0

8 1 -50.0
8 2 -50.0
8 3 -50.0
8 7 -50.0
8 9 -50.0
8 13 -50.0
8 14 -50.0
8 15 -50.0

9 2 -50.0
9 3 -50.0
9 4 -50.0
9 8 -50.0
9 10 -50.0
9 14 -50.0
9 15 -50.0
9 16 -50.0

10 3 -50.0
10 4 -50.0
10 5 -50.0
10 9 -50.0
10 11 -50.0
10 15 -50.0
10 16 -50.0
10 17 -50.0

11 4 -50.0
11 5 -50.0
11 10 -50.0
11 16 -50.0
11 17 -50.0

12 6 -50.0
12 7 -50.0
12 13 -50.0
12 18 -50.0
12 19 -50.0

13 6 -50.0
13 7 -50.0
13 8 -50.0
13 12 -50.0
13 14 -50.0
13 18 -50.0
13 19 -50.0
13 20 -50.0

14 7 -50.0
14 8 -50.0
14 9 -50.0
14 13 -50.0
14 15 -50.0
14 19 -50.0
14 20 -50.0
14 21 -50.0

15 8 -50.0
15 9 -50.0
15 10 -50.0
15 14 -50.0
15 16 -50.0
15 20 -50.0
15 21 -50.0
15 22 -50.0

16 9 -50.0
16 10 -50.0
16 11 -50.0
16 15 -50.0
16 17 -50.0
16 21 -50.0
16 22 -50.0
16 23 -50.0

17 10 -50.0
17 11 -50.0
17 16 -50.0
17 22 -50.0
17 23 -50.0

18 12 -50.0
18 13 -50.0
18 19 -50.0
18 24 -50.0
18 25 -50.0

19 12 -50.0
19 13 -50.0
19 14 -50.0
19 18 -50.0
19 20 -50.0
19 24 -50.0
19 25 -50.0
19 26 -50.0

20 13 -50.0
20 14 -50.0
20 15 -50.0
20 19 -50.0
20 21 -50.0
20 25 -50.0
20 26 -50.0
20 27 -50.0

21 14 -50.0
21 15 -50.0
21 16 -50.0
21 20 -50.0
21 22 -50.0
21 26 -50.0
21 27 -50.0
21 28 -50.0

22 15 -50.0
22 16 -50.0
22 17 -50.0
22 21 -50.0
22 23 -50.0
22 27 -50.0
22 28 -50.0
22 29 -50.0

23 16 -50.0
23 17 -50.0
23 22 -50.0
23 28 -50.0
23 29 -50.0

24 18 -50.0
24 19 -50.0
24 25 -50.0
24 30 -50.0
24 31 -50.0

25 18 -50.0
25 19 -50.0
25 20 -50.0
25 24 -50.0
25 26 -50.0
25 30 -50.0
25 31 -50.0
25 32 -50.0

26 19 -50.0
26 20 -50.0
26 21 -50.0
26 25 -50.0
26 27 -50.0
26 31 -50.0
26 32 -50.0
26 33 -50.0

27 20 -50.0
27 21 -50.0
27 22 -50.0
27 26 -50.0
27 28 -50.0
27 32 -50.0
27 33 -50.0
27 34 -50.0

28 21 -50.0
28 22 -50.0
28 23 -50.0
28 27 -50.0
28 29 -50.0
28 33 -50.0
28 34 -50.0
28 35 -50.0

29 22 -50.0
29 23 -50.0
29 28 -50.0
29 34 -50.0
29 35 -50.0

30 24 -50.0
30 25 -50.0
30 31 -50.0

31 24 -50.0
31 25 -50.0
31 26 -50.0
31 30 -50.0
31 32 -50.0

32 25 -50.0
32 26 -50.0
32 27 -50.0
32 31 -50.0
32 33 -50.0

33 26 -50.0
33 27 -50.0
33 28 -50.0
33 32 -50.0
33 34 -50.0

34 27 -50.0
34 28 -50.0
34 29 -50.0
34 33 -50.0
34 35 -50.0

35 28 -50.0
35 29 -50.0
35 34 -50.0

